Layer 0:
0000000000
0222000000
0222000000
0222000000
0000000000
0000000000
0000000000
0000000000
0000000000
0000000000
Layer 1:
0000000000
0222000000
0212000000
0222000000
0000000000
0000000000
0000000000
0000000000
0000000000
0000000000
Layer 2:
0000000000
0222000000
0222000000
0222000000
0000222000
0000222000
0000222000
0000000000
0000000000
0000000000
Layer 3:
0000000000
0000000000
0000000000
0000000000
0000222000
0000212000
0000222000
0000000000
0000000000
0000000000
Layer 4:
0000000000
0000000000
0000000000
0000000000
0000222000
0000222000
0000222000
0000000000
0000000000
0000000000
Layer 5:
0000000000
0000000000
0000000000
0000000000
0000000000
0000000000
0000000000
0000000000
0000000000
0000000000
Layer 6:
0000000000
0000000000
0000000000
0000000000
0000000000
0000000000
0000000000
0000000000
0000000000
0000000000
Layer 7:
0000000000
0000000000
0000000000
0000000000
0000000000
0000000000
0000000000
0000000000
0000000000
0000000000
Layer 8:
0000000000
0000000000
0000000000
0000000000
0000000000
0000000000
0000000000
0000000000
0000000000
0000000000
Layer 9:
0000000000
0000000000
0000000000
0000000000
0000000000
0000000000
0000000000
0000000000
0000000000
0000000000
Endpoints set:
  Start: 0.5 9.5 0.5
  Goal:  9.5 0.5 9.5
  Start vel: 0 0 0
  Goal vel:  0 0 0
OMPL found a path with cost: 15.6535
POLYLINE
0.5 9.5 0.5
2.03561 7.73268 2.56121
2.73706 6.92497 3.45589
3.63876 5.9854 4.52762
4.45067 5.12488 5.40233
5.10399 4.56437 5.91916
6.04301 3.65613 6.74524
7.06667 2.76803 7.53329
8.382 1.54206 8.59835
9.5 0.5 9.5
FIRI WARNING: Line search reaches the maximum try number, assumptions not satisfied or precision not achievable.
Generated 6 convex polytopes for the SFC.
Running trajectory optimization...
Optimization successful! Final cost: 15.0022
run_inference returned: true
Trajectory duration: 14.1253
Number of pieces: 19
TRAJECTORY
0.5 9.5 0.5
0.50001 9.49997 0.500077
0.500081 9.49976 0.500589
0.500278 9.4992 0.501906
0.500674 9.49815 0.504332
0.501342 9.49646 0.508111
0.502362 9.49401 0.513429
0.503816 9.49069 0.520429
0.505785 9.48639 0.529208
0.508355 9.48101 0.539826
0.511609 9.47449 0.552315
0.515634 9.46675 0.566678
0.520511 9.45772 0.582904
0.526323 9.44735 0.600964
0.533149 9.43558 0.620827
0.541063 9.42239 0.642455
0.550138 9.40772 0.665817
0.560441 9.39156 0.690881
0.572038 9.37388 0.717617
0.584988 9.35465 0.746
0.599347 9.33387 0.776005
0.615168 9.31152 0.807607
0.632501 9.2876 0.840785
0.65139 9.2621 0.875519
0.671875 9.23502 0.911791
0.693995 9.20636 0.949583
0.717783 9.17614 0.988878
0.743267 9.14436 1.02966
0.770475 9.11102 1.07192
0.799426 9.07613 1.11564
0.83014 9.03972 1.1608
0.86263 9.00179 1.2074
0.896906 8.96235 1.25543
0.932974 8.92142 1.30486
0.970836 8.87901 1.3557
1.01049 8.83513 1.40792
1.05193 8.78979 1.46152
1.09515 8.743 1.51648
1.14014 8.69476 1.5728
1.18687 8.64509 1.63046
1.23532 8.59398 1.68944
1.28548 8.54143 1.74974
1.3373 8.48745 1.81134
1.39077 8.43201 1.87422
1.44583 8.37512 1.93836
1.50245 8.31675 2.00376
1.56059 8.25688 2.07038
1.62019 8.1955 2.13822
1.6812 8.13257 2.20725
1.74357 8.06806 2.27746
1.80724 8.00195 2.34884
1.87217 7.93421 2.42138
1.93831 7.86481 2.49506
2.00562 7.79371 2.56988
2.07409 7.7209 2.64583
2.14369 7.64634 2.72289
2.21444 7.57002 2.80107
2.28635 7.49192 2.88033
2.35945 7.41202 2.96068
2.43376 7.33031 3.04209
2.50935 7.24677 3.12455
2.58627 7.16141 3.20806
2.66456 7.07422 3.29259
2.7443 6.98519 3.37813
2.82555 6.89435 3.46466
2.90837 6.80168 3.55218
2.99284 6.70722 3.64066
3.07901 6.61098 3.7301
3.16695 6.51297 3.82049
3.25672 6.41323 3.9118
3.34836 6.31179 4.00404
3.44193 6.20869 4.09718
3.53745 6.10397 4.19123
3.63495 5.99768 4.28617
3.73444 5.88987 4.38198
3.83592 5.78063 4.47867
3.93939 5.67001 4.57623
4.04481 5.55811 4.67463
4.15215 5.445 4.77389
4.26135 5.33079 4.87398
4.37237 5.21558 4.97491
4.48514 5.09948 5.07667
4.59957 4.9826 5.17926
4.71559 4.86508 5.28266
4.8331 4.74703 5.38688
4.95199 4.62858 5.4919
5.07217 4.50987 5.59774
5.1935 4.39101 5.70437
5.31588 4.27215 5.8118
5.43918 4.15341 5.92003
5.56326 4.0349 6.02903
5.68801 3.91676 6.13882
5.81327 3.79909 6.24939
5.93893 3.68201 6.36073
6.06483 3.56561 6.47283
6.19084 3.45 6.58562
6.3168 3.33525 6.69905
6.44257 3.22146 6.81297
6.56799 3.10869 6.92721
6.69291 2.99703 7.04157
6.81716 2.88655 7.15583
6.94058 2.77732 7.26973
7.06301 2.6694 7.38301
7.18427 2.56287 7.49539
7.30419 2.45779 7.60659
7.4226 2.35425 7.71632
7.53933 2.25232 7.82428
7.65419 2.15208 7.93019
7.76701 2.05364 8.03376
7.8776 1.95709 8.13474
7.98578 1.86253 8.23288
8.09137 1.7701 8.32793
8.19416 1.67992 8.4197
8.29398 1.59215 8.50801
8.39063 1.50693 8.59271
8.48393 1.42442 8.67366
8.57369 1.34478 8.75076
8.65974 1.26818 8.82393
8.74192 1.19477 8.8931
8.82007 1.12471 8.95823
8.89407 1.05815 9.01931
8.96378 0.995206 9.07632
9.0291 0.936012 9.12929
9.08995 0.880667 9.17824
9.14628 0.829254 9.22322
9.19805 0.781832 9.26429
9.24525 0.738437 9.30153
9.28792 0.699075 9.33503
9.32609 0.663723 9.36489
9.35987 0.632327 9.39122
9.38937 0.604803 9.41416
9.41474 0.581033 9.43386
9.43617 0.56087 9.45047
9.45389 0.54413 9.4642
9.46814 0.530598 9.47525
9.47923 0.520025 9.48384
9.48747 0.512122 9.49024
9.49324 0.506568 9.49473
9.49692 0.503 9.4976
9.49896 0.501017 9.49919
9.49982 0.500179 9.49986
9.5 0.500002 9.5
9.5 0.5 9.5
